Reading in concentrations from concentrations.csv
Reading in species from species.csv
Simulations will be run at the following conditions...
  cyc5h8o:   0.005000  o2:   0.000325  n2:   0.994675
  cyc5h8o:   0.005000  o2:   0.001625  n2:   0.993375
  cyc5h8o:   0.005000  o2:   0.003250  n2:   0.991750
  cyc5h8o:   0.005000  o2:   0.005417  n2:   0.989583
  cyc5h8o:   0.005000  o2:   0.006500  n2:   0.988500
  cyc5h8o:   0.005000  o2:   0.008125  n2:   0.986875
  cyc5h8o:   0.005000  o2:   0.009286  n2:   0.985714
  cyc5h8o:   0.005000  o2:   0.010833  n2:   0.984167
  cyc5h8o:   0.005000  o2:   0.013000  n2:   0.982000
  cyc5h8o:   0.005000  o2:   0.016250  n2:   0.978750
  cyc5h8o:   0.005000  o2:   0.018571  n2:   0.976429
  cyc5h8o:   0.005000  o2:   0.021667  n2:   0.973333
  cyc5h8o:   0.005000  o2:   0.026000  n2:   0.969000
  cyc5h8o:   0.005000  o2:   0.029545  n2:   0.965455
  cyc5h8o:   0.005000  o2:   0.032500  n2:   0.962500
  cyc5h8o:   0.005000  o2:   0.036111  n2:   0.958889
  cyc5h8o:   0.005000  o2:   0.043333  n2:   0.951667
  cyc5h8o:   0.005000  o2:   0.046429  n2:   0.948571
  cyc5h8o:   0.005000  o2:   0.050000  n2:   0.945000
  cyc5h8o:   0.005000  o2:   0.054167  n2:   0.940833
  cyc5h8o:   0.005000  o2:   0.059091  n2:   0.935909
  cyc5h8o:   0.005000  o2:   0.065000  n2:   0.930000
  cyc5h8o:   0.005000  o2:   0.072222  n2:   0.922778
  cyc5h8o:   0.005000  o2:   0.081250  n2:   0.913750
  cyc5h8o:   0.005000  o2:   0.085526  n2:   0.909474
  cyc5h8o:   0.005000  o2:   0.092857  n2:   0.902143
  cyc5h8o:   0.005000  o2:   0.104839  n2:   0.890161
  cyc5h8o:   0.005000  o2:   0.116071  n2:   0.878929
  cyc5h8o:   0.005000  o2:   0.130000  n2:   0.865000
  cyc5h8o:   0.005000  o2:   0.141304  n2:   0.853696
  cyc5h8o:   0.005000  o2:   0.154762  n2:   0.840238
  cyc5h8o:   0.005000  o2:   0.162500  n2:   0.832500
  cyc5h8o:   0.005000  o2:   0.171053  n2:   0.823947
  cyc5h8o:   0.005000  o2:   0.191176  n2:   0.803824
  cyc5h8o:   0.005000  o2:   0.216667  n2:   0.778333
  cyc5h8o:   0.005000  o2:   0.250000  n2:   0.745000
  cyc5h8o:   0.005000  o2:   0.295455  n2:   0.699545
  cyc5h8o:   0.005000  o2:   0.325000  n2:   0.670000
Data will be collected for the following species...
  CO: co
  CO2: co2
  CH4: ch4
  H2: h2
  oxygen: o2
  ethene: c2h4
  formaldehyde: ch2o
  propene: c3h6
  water: h2o
  propadiene (allene): c3h4-a
  acetaldehyde: ch3cho
  1,3-butadiene: c4h6
  1-butene: c4h8-1
  oxirane: c2h4o1-2
  acrolein: c2h3cho
  propanal: c2h5cho
  furan: FURAN
  cyclopentadiene: c5h6c
  crotonaldehyde (trans): sc3h5cho
  crotonaldehyde (cis): sc3h5cho
  benzene: c6h6
  toluene: toluen
  cyclopentanone: cyc5h8o
  cyclopent-2-enone: cyc5h6ol
  h radical: h
  hydroxy: oh
  hydroperoxy: ho2
  peroxide: h2o2

Converting ChemKin mechanism to Cantera YAML...
Wrote YAML mechanism file to 'chem.yaml'.
Mechanism contains 344 species and 2342 reactions.

Defining model and conditions...
/home/avcopan/proj/proj-c5-species-o2-sweeps/sim/Cyclopentanone/Thion/../run.py:66: UserWarning: NasaPoly2::validate: 
For species hcooh, discontinuity in h/RT detected at Tmid = 1000
	Value computed using low-temperature polynomial:  -40.36035916666667
	Value computed using high-temperature polynomial: -38.16786118416666

  model = cantera.Solution(cantera_file)
/home/avcopan/proj/proj-c5-species-o2-sweeps/sim/Cyclopentanone/Thion/../run.py:66: UserWarning: NasaPoly2::validate: 
For species hoco, discontinuity in h/RT detected at Tmid = 1000
	Value computed using low-temperature polynomial:  -17.172475436
	Value computed using high-temperature polynomial: -16.636799402079998

  model = cantera.Solution(cantera_file)
/home/avcopan/proj/proj-c5-species-o2-sweeps/sim/Cyclopentanone/Thion/../run.py:66: UserWarning: NasaPoly2::validate: 
For species acetoo, discontinuity in cp/R detected at Tmid = 1499
	Value computed using low-temperature polynomial:  22.75500233511672
	Value computed using high-temperature polynomial: 23.131876830410878

  model = cantera.Solution(cantera_file)
/home/avcopan/proj/proj-c5-species-o2-sweeps/sim/Cyclopentanone/Thion/../run.py:66: UserWarning: NasaPoly2::validate: 
For species c2h3choch2, discontinuity in h/RT detected at Tmid = 1000
	Value computed using low-temperature polynomial:  13.197490232436893
	Value computed using high-temperature polynomial: 13.009458623333332

  model = cantera.Solution(cantera_file)
/home/avcopan/proj/proj-c5-species-o2-sweeps/sim/Cyclopentanone/Thion/../run.py:66: UserWarning: NasaPoly2::validate: 
For species c2h3choch2, discontinuity in s/R detected at Tmid = 1000
	Value computed using low-temperature polynomial:  55.5754926344824
	Value computed using high-temperature polynomial: 53.05298769454252

  model = cantera.Solution(cantera_file)
/home/avcopan/proj/proj-c5-species-o2-sweeps/sim/Cyclopentanone/Thion/../run.py:66: UserWarning: NasaPoly2::validate: 
For species c4h5-2, discontinuity in h/RT detected at Tmid = 1000
	Value computed using low-temperature polynomial:  47.65235236593109
	Value computed using high-temperature polynomial: 48.43623165666667

  model = cantera.Solution(cantera_file)
/home/avcopan/proj/proj-c5-species-o2-sweeps/sim/Cyclopentanone/Thion/../run.py:66: UserWarning: NasaPoly2::validate: 
For species c4h5-2, discontinuity in s/R detected at Tmid = 1000
	Value computed using low-temperature polynomial:  52.42918829260522
	Value computed using high-temperature polynomial: 54.320817046995025

  model = cantera.Solution(cantera_file)
/home/avcopan/proj/proj-c5-species-o2-sweeps/sim/Cyclopentanone/Thion/../run.py:66: UserWarning: NasaPoly2::validate: 
For species prco1o2h2*o, discontinuity in cp/R detected at Tmid = 1000
	Value computed using low-temperature polynomial:  25.7446152
	Value computed using high-temperature polynomial: 25.338656300000004

  model = cantera.Solution(cantera_file)
/home/avcopan/proj/proj-c5-species-o2-sweeps/sim/Cyclopentanone/Thion/../run.py:66: UserWarning: NasaPoly2::validate: 
For species prco1o2h2*o, discontinuity in h/RT detected at Tmid = 1000
	Value computed using low-temperature polynomial:  -42.50801629333334
	Value computed using high-temperature polynomial: -42.55586950666665

  model = cantera.Solution(cantera_file)
/home/avcopan/proj/proj-c5-species-o2-sweeps/sim/Cyclopentanone/Thion/../run.py:66: UserWarning: Kinetics::checkDuplicates: 
*******************************************************************************
InputFileError thrown by Kinetics::checkDuplicates:
Error on lines 6537 and 6554 of ./chem.yaml:
Undeclared duplicate third body reactions with a common third body detected.
Add the field 'explicit-third-body-duplicates: mark-duplicate' or
'explicit-third-body-duplicates: modify-efficiency' to the YAML phase entry
to choose how these reactions should be handled and suppress this warning.
Reaction 502: ch3co + M <=> ch3 + co + M
Reaction 506: ch3co + oh <=> ch3 + co + oh

|  Line |
|  6532 |     ch3cho+hco=ch3co+ch2o                  7.800E+13    0.00    8440.0 !(DAGAUT95)
|  6533 |     ch3cho+ch3o=ch3co+ch3oh                2.568E+05    2.00      -2.55!(POLIMI
|  6534 |     ****************
|  6535 |      ch3co reactions
|  6536 |     Pichon et al., Combust.Flame, 156(2009)494-504
>  6537 > - equation: ch3co + oh <=> ch3 + co + oh  # Reaction 502
            ^
|  6538 |   rate-constant: {A: 3.16e+13, b: 0.0, Ea: 0.0}
|  6539 |   note: |
|  6540 |     Pichon et al., Combust.Flame, 156(2009)494-504
...
|  6549 | - equation: ch2co + h <=> ch3co  # Reaction 505
|  6550 |   rate-constant: {A: 2.3e+08, b: 1.61, Ea: 2627.0}
|  6551 |   note: |
|  6552 |     ch2co+h+m=ch3co+m                      5.000E+17    0.00       0.0 !Yasunaga et al., Int.J.Chem.Kinet., 40(2008)73-102
|  6553 |     Senosiain et al., J.Phys.Chem.A, 110(2006)5772-5781
>  6554 > - equation: ch3co + M <=> ch3 + co + M  # Reaction 506
            ^
|  6555 |   type: three-body
|  6556 |   rate-constant: {A: 8.64e+15, b: 0.0, Ea: 1.44e+04}
|  6557 |   efficiencies: {h2o: 16.25, co: 1.875, co2: 3.75, ch4: 16.25, c2h6: 16.25,
*******************************************************************************

  model = cantera.Solution(cantera_file)

Running simulations...
Starting simulation for {'cyc5h8o': 0.005, 'o2': 0.000325, 'n2': 0.994675}
Starting simulation for {'cyc5h8o': 0.005, 'o2': 0.001625, 'n2': 0.993375}
Starting simulation for {'cyc5h8o': 0.005, 'o2': 0.00325, 'n2': 0.99175}
Starting simulation for {'cyc5h8o': 0.005, 'o2': 0.005416667, 'n2': 0.989583333}
Starting simulation for {'cyc5h8o': 0.005, 'o2': 0.0065, 'n2': 0.9885}
Starting simulation for {'cyc5h8o': 0.005, 'o2': 0.008125, 'n2': 0.986875}
Starting simulation for {'cyc5h8o': 0.005, 'o2': 0.009285714, 'n2': 0.985714286}
Starting simulation for {'cyc5h8o': 0.005, 'o2': 0.010833333, 'n2': 0.984166667}
Starting simulation for {'cyc5h8o': 0.005, 'o2': 0.013, 'n2': 0.982}
Starting simulation for {'cyc5h8o': 0.005, 'o2': 0.01625, 'n2': 0.97875}
Starting simulation for {'cyc5h8o': 0.005, 'o2': 0.018571429, 'n2': 0.976428571}
Starting simulation for {'cyc5h8o': 0.005, 'o2': 0.021666667, 'n2': 0.973333333}
Starting simulation for {'cyc5h8o': 0.005, 'o2': 0.026, 'n2': 0.969}
Starting simulation for {'cyc5h8o': 0.005, 'o2': 0.029545455, 'n2': 0.965454545}
Starting simulation for {'cyc5h8o': 0.005, 'o2': 0.0325, 'n2': 0.9625}
Starting simulation for {'cyc5h8o': 0.005, 'o2': 0.036111111, 'n2': 0.958888889}
Starting simulation for {'cyc5h8o': 0.005, 'o2': 0.043333333, 'n2': 0.951666667}
Starting simulation for {'cyc5h8o': 0.005, 'o2': 0.046428571, 'n2': 0.948571429}
Starting simulation for {'cyc5h8o': 0.005, 'o2': 0.05, 'n2': 0.945}
Starting simulation for {'cyc5h8o': 0.005, 'o2': 0.054166667, 'n2': 0.940833333}
Starting simulation for {'cyc5h8o': 0.005, 'o2': 0.059090909, 'n2': 0.935909091}
Starting simulation for {'cyc5h8o': 0.005, 'o2': 0.065, 'n2': 0.93}
Starting simulation for {'cyc5h8o': 0.005, 'o2': 0.072222222, 'n2': 0.922777778}
Starting simulation for {'cyc5h8o': 0.005, 'o2': 0.08125, 'n2': 0.91375}
Starting simulation for {'cyc5h8o': 0.005, 'o2': 0.085526316, 'n2': 0.909473684}
Starting simulation for {'cyc5h8o': 0.005, 'o2': 0.092857143, 'n2': 0.902142857}
Starting simulation for {'cyc5h8o': 0.005, 'o2': 0.10483871, 'n2': 0.89016129}
Starting simulation for {'cyc5h8o': 0.005, 'o2': 0.116071429, 'n2': 0.878928571}
Starting simulation for {'cyc5h8o': 0.005, 'o2': 0.13, 'n2': 0.865}
Starting simulation for {'cyc5h8o': 0.005, 'o2': 0.141304348, 'n2': 0.853695652}
Starting simulation for {'cyc5h8o': 0.005, 'o2': 0.154761905, 'n2': 0.840238095}
Starting simulation for {'cyc5h8o': 0.005, 'o2': 0.1625, 'n2': 0.8325}
Starting simulation for {'cyc5h8o': 0.005, 'o2': 0.171052632, 'n2': 0.823947368}
Starting simulation for {'cyc5h8o': 0.005, 'o2': 0.191176471, 'n2': 0.803823529}
Starting simulation for {'cyc5h8o': 0.005, 'o2': 0.216666667, 'n2': 0.778333333}
Starting simulation for {'cyc5h8o': 0.005, 'o2': 0.25, 'n2': 0.745}
Starting simulation for {'cyc5h8o': 0.005, 'o2': 0.295454545, 'n2': 0.699545455}
Starting simulation for {'cyc5h8o': 0.005, 'o2': 0.325, 'n2': 0.67}

Extracting results...
shape: (38, 32)
┌───────┬──────────┬──────────┬───────┬───┬───────────┬──────────┬─────────────┬────────────┐
│ phi   ┆ O2       ┆ N2       ┆ fuel  ┆ … ┆ h radical ┆ hydroxy  ┆ hydroperoxy ┆ peroxide   │
│ ---   ┆ ---      ┆ ---      ┆ ---   ┆   ┆ ---       ┆ ---      ┆ ---         ┆ ---        │
│ f64   ┆ f64      ┆ f64      ┆ f64   ┆   ┆ f64       ┆ f64      ┆ f64         ┆ f64        │
╞═══════╪══════════╪══════════╪═══════╪═══╪═══════════╪══════════╪═════════════╪════════════╡
│ 100.0 ┆ 0.000325 ┆ 0.994675 ┆ 0.005 ┆ … ┆ 0.001086  ┆ 0.000014 ┆ 0.10187     ┆ 1.891015   │
│ 20.0  ┆ 0.001625 ┆ 0.993375 ┆ 0.005 ┆ … ┆ 0.002297  ┆ 0.000159 ┆ 0.81977     ┆ 20.705429  │
│ 10.0  ┆ 0.00325  ┆ 0.99175  ┆ 0.005 ┆ … ┆ 0.003049  ┆ 0.000433 ┆ 1.719765    ┆ 55.105441  │
│ 6.0   ┆ 0.005417 ┆ 0.989583 ┆ 0.005 ┆ … ┆ 0.003633  ┆ 0.00088  ┆ 2.805725    ┆ 108.20383  │
│ 5.0   ┆ 0.0065   ┆ 0.9885   ┆ 0.005 ┆ … ┆ 0.003802  ┆ 0.001121 ┆ 3.301335    ┆ 135.633818 │
│ …     ┆ …        ┆ …        ┆ …     ┆ … ┆ …         ┆ …        ┆ …           ┆ …          │
│ 0.17  ┆ 0.191176 ┆ 0.803824 ┆ 0.005 ┆ … ┆ 0.000394  ┆ 0.001767 ┆ 7.045896    ┆ 426.733937 │
│ 0.15  ┆ 0.216667 ┆ 0.778333 ┆ 0.005 ┆ … ┆ 0.000342  ┆ 0.001719 ┆ 7.048591    ┆ 428.067475 │
│ 0.13  ┆ 0.25     ┆ 0.745    ┆ 0.005 ┆ … ┆ 0.000291  ┆ 0.001669 ┆ 7.049529    ┆ 429.612388 │
│ 0.11  ┆ 0.295455 ┆ 0.699545 ┆ 0.005 ┆ … ┆ 0.000241  ┆ 0.001617 ┆ 7.048123    ┆ 431.563631 │
│ 0.1   ┆ 0.325    ┆ 0.67     ┆ 0.005 ┆ … ┆ 0.000216  ┆ 0.001589 ┆ 7.04614     ┆ 432.794518 │
└───────┴──────────┴──────────┴───────┴───┴───────────┴──────────┴─────────────┴────────────┘
