Reading in concentrations from concentrations.csv
Reading in species from species.csv
Simulations will be run at the following conditions...
  cych5h8o:   0.005000  o2:   0.000325  n2:   0.994675
  cych5h8o:   0.005000  o2:   0.001625  n2:   0.993375
  cych5h8o:   0.005000  o2:   0.003250  n2:   0.991750
  cych5h8o:   0.005000  o2:   0.005417  n2:   0.989583
  cych5h8o:   0.005000  o2:   0.010833  n2:   0.984167
  cych5h8o:   0.005000  o2:   0.016250  n2:   0.978750
  cych5h8o:   0.005000  o2:   0.018571  n2:   0.976429
  cych5h8o:   0.005000  o2:   0.021667  n2:   0.973333
  cych5h8o:   0.005000  o2:   0.026000  n2:   0.969000
  cych5h8o:   0.005000  o2:   0.029545  n2:   0.965455
  cych5h8o:   0.005000  o2:   0.032500  n2:   0.962500
  cych5h8o:   0.005000  o2:   0.036111  n2:   0.958889
  cych5h8o:   0.005000  o2:   0.043333  n2:   0.951667
  cych5h8o:   0.005000  o2:   0.050000  n2:   0.945000
  cych5h8o:   0.005000  o2:   0.054167  n2:   0.940833
  cych5h8o:   0.005000  o2:   0.059091  n2:   0.935909
  cych5h8o:   0.005000  o2:   0.065000  n2:   0.930000
  cych5h8o:   0.005000  o2:   0.072222  n2:   0.922778
  cych5h8o:   0.005000  o2:   0.081250  n2:   0.913750
  cych5h8o:   0.005000  o2:   0.092857  n2:   0.902143
  cych5h8o:   0.005000  o2:   0.104839  n2:   0.890161
  cych5h8o:   0.005000  o2:   0.116071  n2:   0.878929
  cych5h8o:   0.005000  o2:   0.130000  n2:   0.865000
  cych5h8o:   0.005000  o2:   0.141304  n2:   0.853696
  cych5h8o:   0.005000  o2:   0.162500  n2:   0.832500
  cych5h8o:   0.005000  o2:   0.171053  n2:   0.823947
  cych5h8o:   0.005000  o2:   0.191176  n2:   0.803824
  cych5h8o:   0.005000  o2:   0.216667  n2:   0.778333
  cych5h8o:   0.005000  o2:   0.250000  n2:   0.745000
  cych5h8o:   0.005000  o2:   0.295455  n2:   0.699545
  cych5h8o:   0.005000  o2:   0.325000  n2:   0.670000
  cych5h8o:   0.005000  o2:   0.046429  n2:   0.948571
  cych5h8o:   0.005000  o2:   0.085526  n2:   0.909474
  cych5h8o:   0.005000  o2:   0.154762  n2:   0.840238
Data will be collected for the following species...
  CO: co
  CO2: co2
  CH4: ch4
  H2: h2
  ethene: c2h4
  formaldehyde: ch2o
  propene: c3h6
  water: h2o
  propadiene (allene): c3h4-a
  acetaldehyde: ch3cho
  1,3-butadiene: c4h6
  1-butene: c4h8-1
  oxirane: c2h4o1-2
  acrolein: c2h3cho
  propanal: c2h5cho
  furan: FURAN
  cyclopentadiene: c5h6c
  crotonaldehyde (trans): sc3h5cho
  crotonaldehyde (cis): sc3h5cho
  benzene: c6h6
  toluene: toluen
  cyclopentanone: cych5h8o
  cyclopent-2-enone: cyc5h6ol
  h radical: h
  hydroxy: oh
  hydroperoxy: ho2
  peroxide: h2o2

Converting ChemKin mechanism to Cantera YAML...
*******************************************************************************
Error while reading thermo entry in thermo.dat starting on line 955:
"""
cho-och                h   2c   2o   2     g   200.000  6000.00  1000.00       1
 0.46138316e+01 0.64496364e-02-0.22908251e-05 0.36716047e-09-0.21873675e-13    2
-0.47514850e+05 0.84788383e+00 0.38983616e+01-0.35587795e-02 0.35520538e-04    3
-0.43849959e-07 0.17107769e-10-0.46770609e+05 0.73495397e+01-0.45531246e+05    4
"""
Error parsing elemental composition for species 'cho-och'.
Traceback (most recent call last):
  File "/home/avcopan/proj/proj-c5-species-o2-sweeps/sim/Cyclopentanone/Thion/../run.py", line 61, in <module>
    Parser.convert_mech(chemkin_file, thermo_file=thermo_file, out_name=cantera_file)
    ~~~~~~~~~~~~~~~~~~~^^^^^^^^^^^^^^^^^^^^^^^^^^^^^^^^^^^^^^^^^^^^^^^^^^^^^^^^^^^^^^
  File "/home/avcopan/proj/cantera-helper/.pixi/envs/default/lib/python3.13/site-packages/cantera/ck2yaml.py", line 2216, in convert_mech
    raise InputError('\n'.join(parser.handler.errors))
cantera.ck2yaml.InputError: Error while reading thermo entry in thermo.dat starting on line 955:
"""
cho-och                h   2c   2o   2     g   200.000  6000.00  1000.00       1
 0.46138316e+01 0.64496364e-02-0.22908251e-05 0.36716047e-09-0.21873675e-13    2
-0.47514850e+05 0.84788383e+00 0.38983616e+01-0.35587795e-02 0.35520538e-04    3
-0.43849959e-07 0.17107769e-10-0.46770609e+05 0.73495397e+01-0.45531246e+05    4
"""
Error parsing elemental composition for species 'cho-och'.
Please check https://cantera.org/stable/userguide/ck2yaml-tutorial.html#debugging-common-errors-in-ck-files
for the correct Chemkin syntax.
