Reading in concentrations from concentrations.csv
Reading in species from species.csv
Simulations will be run at the following conditions...
  CYC5H8:   0.005000  O2:   0.000350  N2:   0.994650
  CYC5H8:   0.005000  O2:   0.002917  N2:   0.992083
  CYC5H8:   0.005000  O2:   0.005833  N2:   0.989167
  CYC5H8:   0.005000  O2:   0.011667  N2:   0.983333
  CYC5H8:   0.005000  O2:   0.017500  N2:   0.977500
  CYC5H8:   0.005000  O2:   0.020000  N2:   0.975000
  CYC5H8:   0.005000  O2:   0.023333  N2:   0.971667
  CYC5H8:   0.005000  O2:   0.028000  N2:   0.967000
  CYC5H8:   0.005000  O2:   0.031818  N2:   0.963182
  CYC5H8:   0.005000  O2:   0.035000  N2:   0.960000
  CYC5H8:   0.005000  O2:   0.038889  N2:   0.956111
  CYC5H8:   0.005000  O2:   0.041176  N2:   0.953824
  CYC5H8:   0.005000  O2:   0.043750  N2:   0.951250
  CYC5H8:   0.005000  O2:   0.046667  N2:   0.948333
  CYC5H8:   0.005000  O2:   0.050000  N2:   0.945000
  CYC5H8:   0.005000  O2:   0.053846  N2:   0.941154
  CYC5H8:   0.005000  O2:   0.058333  N2:   0.936667
  CYC5H8:   0.005000  O2:   0.063636  N2:   0.931364
  CYC5H8:   0.005000  O2:   0.070000  N2:   0.925000
  CYC5H8:   0.005000  O2:   0.077778  N2:   0.917222
  CYC5H8:   0.005000  O2:   0.087500  N2:   0.907500
  CYC5H8:   0.005000  O2:   0.100000  N2:   0.895000
  CYC5H8:   0.005000  O2:   0.112903  N2:   0.882097
  CYC5H8:   0.005000  O2:   0.125000  N2:   0.870000
  CYC5H8:   0.005000  O2:   0.140000  N2:   0.855000
  CYC5H8:   0.005000  O2:   0.152174  N2:   0.842826
  CYC5H8:   0.005000  O2:   0.175000  N2:   0.820000
  CYC5H8:   0.005000  O2:   0.184211  N2:   0.810789
  CYC5H8:   0.005000  O2:   0.205882  N2:   0.789118
  CYC5H8:   0.005000  O2:   0.233333  N2:   0.761667
  CYC5H8:   0.005000  O2:   0.269231  N2:   0.725769
  CYC5H8:   0.005000  O2:   0.318182  N2:   0.676818
  CYC5H8:   0.005000  O2:   0.350000  N2:   0.645000
Data will be collected for the following species...
  CO: CO
  CO2: CO2
  CH4: CH4
  H2: H2
  oxygen: O2
  ethene: C2H4
  formaldehyde: CH2O
  propene: C3H6
  water: H2O
  propadiene (allene): C3H4-A
  acetaldehyde: CH3CHO
  1,3-butadiene: C4H6
  1-butene: C4H8-1
  acrolein: C2H3CHO
  propanal: C2H5CHO
  cyclopentadiene: C5H6
  cyclopentene: CYC5H8
  cyclopentane: CPT
  crotonaldehyde (trans): SC3H5CHO
  crotonaldehyde (cis): SC3H5CHO
  benzene: C6H6
  1,2-epoxycyclopentane: CPTYO12
  toluene: C6H5CH3
  cyclopentanone: CPN
  cyclopent-2-enone: CPND2
  cyclopent-3-enone: CPND3
  oxirane: C2H4O1-2
  h radical: H
  hydroxy: OH
  hydroperoxy: HO2
  peroxide: H2O2

Converting ChemKin mechanism to Cantera YAML...
Wrote YAML mechanism file to 'chem.yaml'.
Mechanism contains 1202 species and 6115 reactions.

Defining model and conditions...

Running simulations...
Starting simulation for {'CYC5H8': 0.005, 'O2': 0.00035, 'N2': 0.99465}
Starting simulation for {'CYC5H8': 0.005, 'O2': 0.002916667, 'N2': 0.992083333}
Starting simulation for {'CYC5H8': 0.005, 'O2': 0.005833333, 'N2': 0.989166667}
Starting simulation for {'CYC5H8': 0.005, 'O2': 0.011666667, 'N2': 0.983333333}
Starting simulation for {'CYC5H8': 0.005, 'O2': 0.0175, 'N2': 0.9775}
Starting simulation for {'CYC5H8': 0.005, 'O2': 0.02, 'N2': 0.975}
Starting simulation for {'CYC5H8': 0.005, 'O2': 0.023333333, 'N2': 0.971666667}
Starting simulation for {'CYC5H8': 0.005, 'O2': 0.028, 'N2': 0.967}
Starting simulation for {'CYC5H8': 0.005, 'O2': 0.031818182, 'N2': 0.963181818}
Starting simulation for {'CYC5H8': 0.005, 'O2': 0.035, 'N2': 0.96}
Starting simulation for {'CYC5H8': 0.005, 'O2': 0.038888889, 'N2': 0.956111111}
Starting simulation for {'CYC5H8': 0.005, 'O2': 0.041176471, 'N2': 0.953823529}
Starting simulation for {'CYC5H8': 0.005, 'O2': 0.04375, 'N2': 0.95125}
Starting simulation for {'CYC5H8': 0.005, 'O2': 0.046666667, 'N2': 0.948333333}
Starting simulation for {'CYC5H8': 0.005, 'O2': 0.05, 'N2': 0.945}
Starting simulation for {'CYC5H8': 0.005, 'O2': 0.053846154, 'N2': 0.941153846}
Starting simulation for {'CYC5H8': 0.005, 'O2': 0.058333333, 'N2': 0.936666667}
Starting simulation for {'CYC5H8': 0.005, 'O2': 0.063636364, 'N2': 0.931363636}
Starting simulation for {'CYC5H8': 0.005, 'O2': 0.07, 'N2': 0.925}
Starting simulation for {'CYC5H8': 0.005, 'O2': 0.077777778, 'N2': 0.917222222}
Starting simulation for {'CYC5H8': 0.005, 'O2': 0.0875, 'N2': 0.9075}
Starting simulation for {'CYC5H8': 0.005, 'O2': 0.1, 'N2': 0.895}
Starting simulation for {'CYC5H8': 0.005, 'O2': 0.112903226, 'N2': 0.882096774}
Starting simulation for {'CYC5H8': 0.005, 'O2': 0.125, 'N2': 0.87}
Starting simulation for {'CYC5H8': 0.005, 'O2': 0.14, 'N2': 0.855}
Starting simulation for {'CYC5H8': 0.005, 'O2': 0.152173913, 'N2': 0.842826087}
Starting simulation for {'CYC5H8': 0.005, 'O2': 0.175, 'N2': 0.82}
Starting simulation for {'CYC5H8': 0.005, 'O2': 0.184210526, 'N2': 0.810789474}
Starting simulation for {'CYC5H8': 0.005, 'O2': 0.205882353, 'N2': 0.789117647}
Starting simulation for {'CYC5H8': 0.005, 'O2': 0.233333333, 'N2': 0.761666667}
Starting simulation for {'CYC5H8': 0.005, 'O2': 0.269230769, 'N2': 0.725769231}
Starting simulation for {'CYC5H8': 0.005, 'O2': 0.318181818, 'N2': 0.676818182}
Starting simulation for {'CYC5H8': 0.005, 'O2': 0.35, 'N2': 0.645}

Extracting results...
shape: (33, 35)
┌───────┬──────────┬──────────┬───────┬───┬───────────┬───────────┬─────────────┬────────────┐
│ phi   ┆ O2       ┆ N2       ┆ fuel  ┆ … ┆ h radical ┆ hydroxy   ┆ hydroperoxy ┆ peroxide   │
│ ---   ┆ ---      ┆ ---      ┆ ---   ┆   ┆ ---       ┆ ---       ┆ ---         ┆ ---        │
│ f64   ┆ f64      ┆ f64      ┆ f64   ┆   ┆ f64       ┆ f64       ┆ f64         ┆ f64        │
╞═══════╪══════════╪══════════╪═══════╪═══╪═══════════╪═══════════╪═════════════╪════════════╡
│ 100.0 ┆ 0.00035  ┆ 0.99465  ┆ 0.005 ┆ … ┆ 0.000005  ┆ 6.3308e-8 ┆ 0.000793    ┆ 0.019942   │
│ 12.0  ┆ 0.002917 ┆ 0.992083 ┆ 0.005 ┆ … ┆ 0.000025  ┆ 9.4973e-7 ┆ 0.005551    ┆ 0.138559   │
│ 6.0   ┆ 0.005833 ┆ 0.989167 ┆ 0.005 ┆ … ┆ 0.000041  ┆ 0.000002  ┆ 0.010668    ┆ 0.265652   │
│ 3.0   ┆ 0.011667 ┆ 0.983333 ┆ 0.005 ┆ … ┆ 0.000067  ┆ 0.000007  ┆ 0.020946    ┆ 0.522522   │
│ 2.0   ┆ 0.0175   ┆ 0.9775   ┆ 0.005 ┆ … ┆ 0.000091  ┆ 0.000012  ┆ 0.031821    ┆ 0.799322   │
│ …     ┆ …        ┆ …        ┆ …     ┆ … ┆ …         ┆ …         ┆ …           ┆ …          │
│ 0.17  ┆ 0.205882 ┆ 0.789118 ┆ 0.005 ┆ … ┆ 0.002309  ┆ 0.007443  ┆ 5.13901     ┆ 423.246488 │
│ 0.15  ┆ 0.233333 ┆ 0.761667 ┆ 0.005 ┆ … ┆ 0.002209  ┆ 0.007653  ┆ 5.390678    ┆ 447.428134 │
│ 0.13  ┆ 0.269231 ┆ 0.725769 ┆ 0.005 ┆ … ┆ 0.002089  ┆ 0.007881  ┆ 5.678478    ┆ 475.412515 │
│ 0.11  ┆ 0.318182 ┆ 0.676818 ┆ 0.005 ┆ … ┆ 0.001944  ┆ 0.008126  ┆ 6.014736    ┆ 508.758458 │
│ 0.1   ┆ 0.35     ┆ 0.645    ┆ 0.005 ┆ … ┆ 0.001859  ┆ 0.008253  ┆ 6.206403    ┆ 528.206999 │
└───────┴──────────┴──────────┴───────┴───┴───────────┴───────────┴─────────────┴────────────┘
