Reading in concentrations from concentrations.csv
Reading in species from species.csv
Simulations will be run at the following conditions...
  CPTYO12:   0.005000  O2:   0.000325  N2:   0.994675
  CPTYO12:   0.005000  O2:   0.001625  N2:   0.993375
  CPTYO12:   0.005000  O2:   0.003250  N2:   0.991750
  CPTYO12:   0.005000  O2:   0.005417  N2:   0.989583
  CPTYO12:   0.005000  O2:   0.010833  N2:   0.984167
  CPTYO12:   0.005000  O2:   0.011818  N2:   0.983182
  CPTYO12:   0.005000  O2:   0.013000  N2:   0.982000
  CPTYO12:   0.005000  O2:   0.014444  N2:   0.980556
  CPTYO12:   0.005000  O2:   0.016250  N2:   0.978750
  CPTYO12:   0.005000  O2:   0.018571  N2:   0.976429
  CPTYO12:   0.005000  O2:   0.021667  N2:   0.973333
  CPTYO12:   0.005000  O2:   0.026000  N2:   0.969000
  CPTYO12:   0.005000  O2:   0.029545  N2:   0.965455
  CPTYO12:   0.005000  O2:   0.032500  N2:   0.962500
  CPTYO12:   0.005000  O2:   0.036111  N2:   0.958889
  CPTYO12:   0.005000  O2:   0.043333  N2:   0.951667
  CPTYO12:   0.005000  O2:   0.046429  N2:   0.948571
  CPTYO12:   0.005000  O2:   0.050000  N2:   0.945000
  CPTYO12:   0.005000  O2:   0.054167  N2:   0.940833
  CPTYO12:   0.005000  O2:   0.059091  N2:   0.935909
  CPTYO12:   0.005000  O2:   0.067708  N2:   0.927292
  CPTYO12:   0.005000  O2:   0.072222  N2:   0.922778
  CPTYO12:   0.005000  O2:   0.081250  N2:   0.913750
  CPTYO12:   0.005000  O2:   0.085526  N2:   0.909474
  CPTYO12:   0.005000  O2:   0.092857  N2:   0.902143
  CPTYO12:   0.005000  O2:   0.104839  N2:   0.890161
  CPTYO12:   0.005000  O2:   0.112069  N2:   0.882931
  CPTYO12:   0.005000  O2:   0.130000  N2:   0.865000
  CPTYO12:   0.005000  O2:   0.141304  N2:   0.853696
  CPTYO12:   0.005000  O2:   0.154762  N2:   0.840238
  CPTYO12:   0.005000  O2:   0.162500  N2:   0.832500
  CPTYO12:   0.005000  O2:   0.171053  N2:   0.823947
  CPTYO12:   0.005000  O2:   0.191176  N2:   0.803824
  CPTYO12:   0.005000  O2:   0.216667  N2:   0.778333
  CPTYO12:   0.005000  O2:   0.250000  N2:   0.745000
  CPTYO12:   0.005000  O2:   0.295455  N2:   0.699545
  CPTYO12:   0.005000  O2:   0.325000  N2:   0.670000
Data will be collected for the following species...
  CO: CO
  CO2: CO2
  CH4: CH4
  H2: H2
  oxygen: O2
  ethene: C2H4
  formaldehyde: CH2O
  propene: C3H6
  water: H2O2
  propadiene (allene): C3H4-A
  acetaldehyde: CH3CHO
  1,3-butadiene: C4H6
  1-butene: C4H8-1
  oxirane: C2H4O1-2
  acrolein: C2H3CHO
  propanal: C2H5CHO
  cyclopentadiene: C5H6
  cyclopentene: CYC5H8
  crotonaldehyde (trans): SC3H5CHO
  crotonaldehyde (cis): SC3H5CHO
  benzene: C6H6
  4-pentenal: C4H7CHO-4
  1,2-epoxycyclopentane: CPTYO12
  cyclopentanone: CPN
  cyclopent-2-enone: CPND2
  cyclopent-3-enone: CPND3
  H radical: H
  hydroxy: OH
  hydroperoxy radical: HO2
  hydrogen peroxide: H2O2
  toluene: C6H5CH3

Converting ChemKin mechanism to Cantera YAML...
Wrote YAML mechanism file to 'chem.yaml'.
Mechanism contains 1202 species and 6115 reactions.

Defining model and conditions...

Running simulations...
Starting simulation for {'CPTYO12': 0.005, 'O2': 0.000325, 'N2': 0.994675}
Starting simulation for {'CPTYO12': 0.005, 'O2': 0.001625, 'N2': 0.993375}
Starting simulation for {'CPTYO12': 0.005, 'O2': 0.00325, 'N2': 0.99175}
Starting simulation for {'CPTYO12': 0.005, 'O2': 0.005416667, 'N2': 0.989583333}
Starting simulation for {'CPTYO12': 0.005, 'O2': 0.010833333, 'N2': 0.984166667}
Starting simulation for {'CPTYO12': 0.005, 'O2': 0.011818182, 'N2': 0.983181818}
Starting simulation for {'CPTYO12': 0.005, 'O2': 0.013, 'N2': 0.982}
Starting simulation for {'CPTYO12': 0.005, 'O2': 0.014444444, 'N2': 0.980555556}
Starting simulation for {'CPTYO12': 0.005, 'O2': 0.01625, 'N2': 0.97875}
Starting simulation for {'CPTYO12': 0.005, 'O2': 0.018571429, 'N2': 0.976428571}
Starting simulation for {'CPTYO12': 0.005, 'O2': 0.021666667, 'N2': 0.973333333}
Starting simulation for {'CPTYO12': 0.005, 'O2': 0.026, 'N2': 0.969}
Starting simulation for {'CPTYO12': 0.005, 'O2': 0.029545455, 'N2': 0.965454545}
Starting simulation for {'CPTYO12': 0.005, 'O2': 0.0325, 'N2': 0.9625}
Starting simulation for {'CPTYO12': 0.005, 'O2': 0.036111111, 'N2': 0.958888889}
Starting simulation for {'CPTYO12': 0.005, 'O2': 0.043333333, 'N2': 0.951666667}
Starting simulation for {'CPTYO12': 0.005, 'O2': 0.046428571, 'N2': 0.948571429}
Starting simulation for {'CPTYO12': 0.005, 'O2': 0.05, 'N2': 0.945}
Starting simulation for {'CPTYO12': 0.005, 'O2': 0.054166667, 'N2': 0.940833333}
Starting simulation for {'CPTYO12': 0.005, 'O2': 0.059090909, 'N2': 0.935909091}
Starting simulation for {'CPTYO12': 0.005, 'O2': 0.067708333, 'N2': 0.927291667}
Starting simulation for {'CPTYO12': 0.005, 'O2': 0.072222222, 'N2': 0.922777778}
Starting simulation for {'CPTYO12': 0.005, 'O2': 0.08125, 'N2': 0.91375}
Starting simulation for {'CPTYO12': 0.005, 'O2': 0.085526316, 'N2': 0.909473684}
Starting simulation for {'CPTYO12': 0.005, 'O2': 0.092857143, 'N2': 0.902142857}
Starting simulation for {'CPTYO12': 0.005, 'O2': 0.10483871, 'N2': 0.89016129}
Starting simulation for {'CPTYO12': 0.005, 'O2': 0.112068966, 'N2': 0.882931034}
Starting simulation for {'CPTYO12': 0.005, 'O2': 0.13, 'N2': 0.865}
Starting simulation for {'CPTYO12': 0.005, 'O2': 0.141304348, 'N2': 0.853695652}
Starting simulation for {'CPTYO12': 0.005, 'O2': 0.154761905, 'N2': 0.840238095}
Starting simulation for {'CPTYO12': 0.005, 'O2': 0.1625, 'N2': 0.8325}
Starting simulation for {'CPTYO12': 0.005, 'O2': 0.171052632, 'N2': 0.823947368}
Starting simulation for {'CPTYO12': 0.005, 'O2': 0.191176471, 'N2': 0.803823529}
Starting simulation for {'CPTYO12': 0.005, 'O2': 0.216666667, 'N2': 0.778333333}
Starting simulation for {'CPTYO12': 0.005, 'O2': 0.25, 'N2': 0.745}
Starting simulation for {'CPTYO12': 0.005, 'O2': 0.295454545, 'N2': 0.699545455}
Starting simulation for {'CPTYO12': 0.005, 'O2': 0.325, 'N2': 0.67}

Extracting results...
shape: (37, 35)
┌───────┬──────────┬──────────┬───────┬───┬──────────┬─────────────┬───────────────────┬───────────┐
│ phi   ┆ O2       ┆ N2       ┆ fuel  ┆ … ┆ hydroxy  ┆ hydroperoxy ┆ hydrogen peroxide ┆ toluene   │
│ ---   ┆ ---      ┆ ---      ┆ ---   ┆   ┆ ---      ┆ radical     ┆ ---               ┆ ---       │
│ f64   ┆ f64      ┆ f64      ┆ f64   ┆   ┆ f64      ┆ ---         ┆ f64               ┆ f64       │
│       ┆          ┆          ┆       ┆   ┆          ┆ f64         ┆                   ┆           │
╞═══════╪══════════╪══════════╪═══════╪═══╪══════════╪═════════════╪═══════════════════╪═══════════╡
│ 100.0 ┆ 0.000325 ┆ 0.994675 ┆ 0.005 ┆ … ┆ 0.000075 ┆ 0.026735    ┆ 1.478293          ┆ 0.001046  │
│ 20.0  ┆ 0.001625 ┆ 0.993375 ┆ 0.005 ┆ … ┆ 0.000513 ┆ 0.625622    ┆ 37.132507         ┆ 0.000358  │
│ 10.0  ┆ 0.00325  ┆ 0.99175  ┆ 0.005 ┆ … ┆ 0.001277 ┆ 1.722863    ┆ 107.714973        ┆ 0.0002    │
│ 6.0   ┆ 0.005417 ┆ 0.989583 ┆ 0.005 ┆ … ┆ 0.002342 ┆ 3.169184    ┆ 214.254107        ┆ 0.000094  │
│ 3.0   ┆ 0.010833 ┆ 0.984167 ┆ 0.005 ┆ … ┆ 0.003978 ┆ 5.323467    ┆ 413.928182        ┆ 0.000017  │
│ …     ┆ …        ┆ …        ┆ …     ┆ … ┆ …        ┆ …           ┆ …                 ┆ …         │
│ 0.17  ┆ 0.191176 ┆ 0.803824 ┆ 0.005 ┆ … ┆ 0.006971 ┆ 9.273141    ┆ 1004.113508       ┆ 6.6147e-8 │
│ 0.15  ┆ 0.216667 ┆ 0.778333 ┆ 0.005 ┆ … ┆ 0.007062 ┆ 9.416535    ┆ 1028.044838       ┆ 6.4606e-8 │
│ 0.13  ┆ 0.25     ┆ 0.745    ┆ 0.005 ┆ … ┆ 0.007153 ┆ 9.574924    ┆ 1055.230696       ┆ 6.3789e-8 │
│ 0.11  ┆ 0.295455 ┆ 0.699545 ┆ 0.005 ┆ … ┆ 0.007239 ┆ 9.751019    ┆ 1086.88267        ┆ 6.3673e-8 │
│ 0.1   ┆ 0.325    ┆ 0.67     ┆ 0.005 ┆ … ┆ 0.007276 ┆ 9.846612    ┆ 1104.983252       ┆ 6.3835e-8 │
└───────┴──────────┴──────────┴───────┴───┴──────────┴─────────────┴───────────────────┴───────────┘
